0 -0.3411063614814123
1 -0.16295895653410444
2 -0.5609482767418192
3 -0.047942614387453515
4 -0.462012829809878
5 -0.3495741768073394
6 -0.29201931350866783
7 -0.26524322768205355
8 -0.32201494345415677
9 -0.36402225881767664
10 -0.2927992695893481
11 -0.6248861421069873
12 -0.3084267761498734
13 -0.17069982043425497
14 -0.18992326355825317
15 -0.2981491850798683
16 -0.3201294109697802
17 -0.3468133798619193
18 -0.9308406220980422
19 -0.16563000638416683
20 -0.6715638775899547
21 -0.11530475933127882
22 -0.29007464102059527
23 -0.21478564141965786
24 -0.3283499185063953
25 -0.2969529766413672
26 -0.23079168949039286
27 -0.23380638653450725
28 -0.16350169605068576
29 -0.2202640644820038
30 -0.15511513786804249
31 -0.13821111536150898
32 -0.17510578051500272
33 -0.14033255857651308
34 -0.19386636019406853
35 -0.23660584425513023
36 -0.31993711809575726
37 -0.06166003462280455
38 -0.17855841094769453
39 -0.1824585985258907
40 -0.12434646191938033
41 -0.17293560266546207
42 -0.20383394371070707
43 -0.12460362270928395
44 -0.2948096080665377
45 -0.1974277815992265
46 -0.06906248077962203
47 -0.11417225238033364
48 -0.15983586174150163
49 -0.5071557540907239
50 -0.15983136479119595
51 -0.34072285145509706
52 -0.30133699056933566
53 -0.10130649826428725
54 -0.15784911323876732
55 -0.25868094587063284
56 -0.4686961807250582
57 -0.8065099813023263